1393971204
1457325070
4640194057
38501002
5923386626
2299122090
2086605504
274601072
52005061
4024104234
191722336
43671548
192332714
189435128
6295090284
539384185
33142682
4558805652
332108613
5509905379
6045117524
35380892
275242089
3475981655
2304624786
5560741799
3209095191
1471904107
339179767
215624676
54352611
14369919
1954056460
756272984
1116017274
627190748
384727480
341552712
23778549
2118016045
511956587
431592987
1545091432
5547401715
345461386
2324187483
5854450132
462581525
2000102218
2021089166
5612803830
2089822186
1906323256
6295543550
209644149
5399803836
45890808
2976879854
35343162
4719604732
14370104
307083326
3418274833
3034457065
13793663
23812568
1353182916
4578186226
1781370781
405276937
4220901230
2106514951
3912541556
6265569663
921549957
2133517227
288673844
251243349
6290577304
14868904
548071885
1991424256
748267403
6106064926
591242572
1690659302
32352031
2225587512
1342693301
6219907331
5614080194
2023359612
1387865343
1565878386
1133796901
6215674783
225998138
1187700198
341069757
203173485
193884710
6306913659
5337621460
1922959273
1760143600
283779229
4808675975
2172956871
214244825
6277004764
196989605
2117423719
1255808742
363261855
2315554406
3021339434
5491820755
6286989529
5989494853
393493441
3685238088
990336634
536124879
1514449230
1921844279
4347725372
4274887826
1403102328
481564903
3943961596
466653430
1559273872
177178255
411030942
473122578
1305632749
3033455506
5270746435
4124274075
1262342681
7707422
5524194
4619854003
2520344837
3240407754
25369275
5615689546
3118068906
5739238146
314177017
1790975797
5661390123
548132234
3030530728
5593318127
6211106435
6323498376
279276673
5918793510
3059263242
2254042914
351928776
1599004032
250602841
1625584109
6244009806
276490774
4039149037
7008486
362430487
4080814347
2096576767
1655496995
5747138997
4027698891
5925747619
6088333157
2011292658
5821585850
5650728853
4444361628
205972788
266605201
3418037307
4734187975
1208981636
8850620
1553194904
6126866767
984812937
4447402644
541513177
6226116970
2125091595
6247881247
2951518497
5518496157
1621420590
2253277585
4768051571
4134489426
5398618400
143747567
4577951038
2068609771
1360246865
6124249894
838822456
1561110194
3139141808
3136515520
5426849150
6061291935
4672978612
4884420087
189869140
2054313797
5995134749
4361199934
1237129205
5860836267
2287631930
6259514146
6298279087
6106111408
1634146932
255535342
6007740587
1300202193
5444762283
600776982
1141486761
1963300471
4483436691
5561411767
1484710529
271041728
5442066006
2074135235
6216707319
175359168
661922615
5354123580
5595465385
6214996573
2902377250
5940834332
588511100
6154848753
606179920
361488754
4311572652
5945196789
6275160577
294869927
5850971953
4170582366
3503406331
248256202
268611002
2859885772
26916552
4065022219
5503643540
1673431815
5814096982
202801244
180504843
6061086976
208796041
4776920996
48664601
1170150641
3535798951
249754404
3308684519
233735661
3045047221
5067973587
1144313481
235633547
6319321988
1537490266
303350410
687084634
6062023522
1419093181
1455011516
2354339069
5650032411
6047349765
1818370316
5580053989
5361132580
6050393224
3296760886
231197941
178924431
2044146941
1775128420
5067775192
1798472860
1646661975
6253183162
1651602661
1516064457
5990434245
5677946710
2945288205
5797023794
2113315033
357487075
732715600
182084223
187465397
284464842
233314347
1635084665
1417321318
1446990292
1645774989
1050926758
4487614413
316121998
5776970346
3031259525
276189272
1535092762
1709660510
6027325924
2217695409
298279948
146123300
1559909378
1556431999
5790000175
392244769
2921176700
259916467
3062540837
5360825005
239684325
1416462323
331539944
227463265
486679148
6319762977
1597829240
45280826
3174534904
2646251404
266456909
8714188
786994730
2278953010
4142487471
50506566
6302583827
3870489596
5568850943
3992021057
927832509
2963205140
1785894164
4957436104
3404096087
5187364001
1445225005
6291650529
5960923545
4735241862
5504588116
675778107
5678173322
2135158522
50401829
202490511
42795387
1667116179
403997416
5727003417
3261343157
5668093787
259164480
6299575213
3323049079
5507599518
6258369908
5812076050
6079484636
5474835854
2293623303
9831651
743477921
5816381131
4981911528
1978050143
5941919340
2210668373
1537970488
250050364
6224305434
1397167963
1299034420
629164362
4485841707
2950388406
1788614740
1139291264
17627626
3141423408
36775397
251862011
1257151002
1647366393
315700961
871825308
2680445125
3887228307
37307832
6052696076
3647020641
5770943950
3219446928
3220243421
274161495
48743433
49668140
2319796006
4696981395
1511287246
3955830241
3246511670
452778386
5896848415
313401295
3247785874
756749634
1275902588
5440384171
4721630748
36428863
1401355639
1436245650
1377688281
9684664
3003091513
6091370953
38738879
2278409863
