5364480018
344896546
3261497482
35922284
49021472
3712799666
5314445290
1516458218
256183871
1727146685
19498513
1319563947
877027331
275173932
40793155
337007889
271891084
1362125573
46164074
4372172659
1693500588
188569551
936324698
5774497038
613366109
54759131
6039875191
327929858
6244122959
3686939289
184887625
2227271120
2324505886
2459354421
4211907367
35563922
706702273
4084557742
401310734
3585843415
5573522506
3215843669
1647615566
2182691878
6053077715
5255913
4280013169
558425054
4828981834
45901124
3401101423
3916237812
32579377
1301031106
3604428357
1459036761
14556310
3561221891
3099700526
1137802771
3100925768
3463071926
1704917401
1967360959
5314377667
1547987208
1604460515
267651720
228378890
3218595956
3271832026
3297301144
275400397
418109828
39133099
3922509101
254973557
1470463157
256133438
1043574610
42554151
2104204310
332491782
4831115154
3969706703
676014085
27204501
1445986302
2262137868
1116701021
4168820583
3171972352
1324835403
904142614
4739803860
252721460
286161327
3235266247
475530077
5517807629
589606245
370298739
257166927
6255548943
324371638
4865781988
1320331661
1466669942
373551290
44182352
2176556395
18081039
5922509277
5893559779
2157289333
468384271
247698104
3571534053
1395716125
29833057
1904619051
15054191
5871290637
3169322011
4319526310
1172920743
6075352045
3258261908
2259530637
1245917157
524671492
41027743
6314421922
2580725436
6262506596
247302802
4640727625
465700154
1071367790
15040709
286207105
1520037020
6041979749
375689940
705376358
6302118354
5541836839
6243855871
4213001797
304401877
1292438413
22911518
1576211612
624226198
3233711635
3566144337
4465089120
4708840201
2274915583
2012609902
5443373834
200924538
371116443
6167824334
1581282003
5668135312
2095300328
1198298942
369876051
2096576767
1615178485
3589509363
1047403773
262680728
294425358
52630143
146123747
1605475366
3303934633
2287192970
6275160577
469259937
6213593780
6282712434
5544463684
6097723934
239190283
4861113993
145309072
5690359722
19372142
1257256636
277100503
549108362
17778024
1578035869
6154912143
6166461255
4518836066
470246442
538937371
4027698891
6306810095
775740654
3439268734
6259449058
998000783
1057126339
224303331
193000388
2358000715
1540785798
5950506531
26916552
4065022219
5503643540
5399441060
1673431815
1235024421
5878974424
1109528353
5583459703
1645787292
4968325544
1487574512
241962544
3118148765
5933140100
5796945360
1237210188
4632604754
607030956
3280916575
341041110
6283168300
1556288722
4027190301
5453160566
2163937298
296130784
2534473230
5242399732
428806796
289732483
5442066006
1963327047
34143477
4171465141
4158819247
4093445348
799336841
598405084
2011292658
600776982
3755530496
2074135235
3156793474
1141582992
258152986
237991034
41608368
4046102543
1220255211
2007523148
2197662123
3464514159
5593041158
1559315528
2985817242
1635984041
233746689
241999214
1263900049
1141486761
1757646770
49970578
3705029867
6106111408
1623883706
340781857
205972788
4082022512
5839867633
5518624684
3586305141
266605201
6244009806
294869927
5850971953
54118799
5814096982
5700914991
1213974245
2264692640
3457979743
502887026
5983231371
5990547121
175359168
1208981636
1687567051
4830451429
5034793913
43545535
6314776487
527265145
337051148
5977141994
336751713
4135845339
321910100
1353620786
3300086668
181879403
2998870614
4569217062
5788447154
4970286171
6068849001
2189971569
550250410
5342499789
4033890652
1428088992
1819053834
1256593689
4223253707
3866965041
1994911160
188978146
217975949
6055442258
3294062441
1974351756
44242521
4742540857
3873253987
4106200063
3882174923
1553194904
362430487
6088333157
360733235
4932812531
3950815063
3544318900
1958804692
361377779
53281115
5396311493
6082150476
2950388406
1621420590
17627626
4447402644
3141423408
36775397
251862011
1257151002
1647366393
629164362
315700961
3955830241
3246511670
452778386
5896848415
2143027224
3247785874
4483436691
756749634
1275902588
5812076050
37307832
5595465385
4721630748
1967036989
1401355639
259164480
229388208
6291650529
226863609
2951518497
4741609484
38738879
2278409863
145307013
4338449169
1173791632
227499146
6069725832
17326292
2137674845
1978050143
743477921
2902377250
411477075
176619804
481860059
1424137599
1418633442
2715524494
272631196
4824253506
5747138997
6226116970
969112827
5844157571
1131399471
1447159082
248339979
6244012867
9703156
5359644827
2859497638
301701383
6259514146
4983915137
2008025579
468091703
1510843523
6295829420
770753158
188628263
238313049
2680445125
6114006862
266327923
1286619042
4902730569
6152791819
269428686
4488270879
1384916630
265017129
11622443
258612690
369447627
5024013
3230289352
5813804708
4134489426
309135751
249601653
4460204853
6226512176
1126746045
1413179402
367369491
2001061749
5504588116
6244542039
4718756141
886081161
3034191853
1261607011
6307425442
361488754
6063812
1088294639
292105242
606179920
1139291264
5474835854
3919288325
313401295
1439529125
1461269267
3003091513
4349000839
1434948792
988310861
1444992618
7008486
50506566
38960794
3308290284
9842648
1649759030
4311572652
2125091595
6075732441
267033777
5332863581
5642416130
5906717448
1537970488
279141193
1264332460
221852194
5428882882
5707382082
5520708639
5962842903
5550573909
5604957324
5888011850
6273181527
255070949
4427887056
15291174
4467203545
3870489596
867878428
294504924
4696981395
5914084429
229929602
1801106929
2240274483
42508864
5837346486
286808076
422806739
1299034420
3008256052
422829394
1914065956
199777596
4482244957
528833765
27886082
203228121
569570326
4196298440
5731800620
1385159728
4176002
4485841707
5490232271
6015963214
5993878363
1086694902
5798860458
927832509
3947535395
6237418787
9831651
17100476
5546868941
541513177
8714188
661922615
2245230699
489092685
1143875550
544387565
4838269072
4580810374
4564991364
463425507
3627706164
4629453135
5925747619
26369698
5864178159
675778107
2969548287
6066534398
3982962172
844732665
438188824
4649237292
2263212397
5980755737
1625584109
6280859307
6061254868
3631477129
411555
1488315227
1503171717
2421213721
274145291
4734187975
208634383
754438
338590614
373074380
243184690
4768051571
327748490
5398618400
328215612
5401782739
5776402508
968009321
274161495
5426849150
604614635
4884420087
6303996062
5860836267
3253135289
3829316131
4672978612
2068609771
247741683
1360246865
49668140
1261896809
5802218656
4873075059
5678173322
6200485721
2306250765
3444794057
2254897979
904268805
48743433
5419630558
22805345
5485511774
176834974
4265136044
221204565
5568850943
3992021057
183365695
1552754879
232402186
1463626115
55549282
4361199934
3255779623
5645481213
1079550470
6198307745
6042274769
250050364
314299965
1381709766
2908866647
1313734984
206388971
1914112982
2012969922
4121598224
362788820
5605284723
548661667
6312324077
4142487471
250602841
212495582
1397167963
389470286
1400161668
5372600225
2135158522
4759285970
4223185873
729606566
5390133082
5847680439
338769068
6287532593
4493918170
365409372
2189111905
1548690012
6055285494
6061291935
1759176135
1557802021
6257972306
346751736
5509905379
2128774082
4831363316
3677862897
6291669793
6245352040
5627044156
275464021
446486391
308908174
411485222
324938846
5741249301
6306030507
2646251404
145415864
5325201870
246239479
5750336946
4226496156
11717202
5740325124
190247290
5440384171
3449687289
2153423690
248256202
384766508
6124249894
4034479887
3104910491
5532902863
6300113664
3701955816
432319864
1647438397
36886732
12736258
2412563651
5816281336
282449735
3675889938
1547708261
2266646785
1436134430
144512336
3231141716
4391496874
5558968276
751894963
4687417952
6158244073
243680488
189869140
482868965
6257169426
213732926
5808925987
2034182756
38345448
2091496748
9226674
4697646462
420000108
30992506
2089891152
36428863
1443315285
305129020
699720529
6006832579
5949664037
180263162
2045930420
1436245650
783124914
4028658710
240046131
1237129205
3627216577
5561411767
3436123703
2337972468
3041232596
1626919660
3040068415
6055239266
1434108729
5886385654
2677732392
214481830
5518496157
38355230
487362405
587993847
1599355870
2293623303
2287631930
6272228586
5901069040
2054313797
1644049473
6299238749
1937825720
3126408022
9107072
4004671395
3503406331
1393293964
1175875703
1785894164
6216707319
6214996573
5504232175
6052696076
3676907398
5910524435
406364696
224313961
3647020641
645973633
2230338144
5004653232
6168834321
969795163
2046274590
4039149037
5450871262
4957436104
1942848468
241730337
6236403291
1377270816
4293911909
1367895256
6308774912
2016148026
1389227232
14867409
206853020
304003120
1259954368
3404096087
6303130791
3031615653
6247881247
5992122451
3887228307
10797578
4981911528
2373712188
320753738
703693454
6051144952
364187243
1511287246
2963205140
2278953010
2963051095
1526274259
14083431
484171768
1364037613
2319796006
29877789
5589548105
334466857
5425085794
55182306
838822456
5444762283
871825308
14050315
484746924
3660932244
4664278231
3869266343
874322370
313732266
3144307065
198842924
3219446928
144421964
498319910
1451760376
255934101
1175877823
4463672109
5724056789
268611002
621316958
4577951038
1474949752
309167369
4350109561
984812937
1521715959
503771695
4455598869
5546767748
3054921924
4010345571
5187364001
3052075082
786994730
6187364532
1374944686
569673971
326507376
1502289250
145885486
5857004278
1576053505
501164732
5960923545
1300202193
1667116179
1390771662
445543928
210538510
5770943950
1445225005
5870310240
3174534904
3290453569
6284358162
340728401
1627182687
383814620
227599057
4911172986
2541995144
4457827577
6000732968
6258133843
5379088436
1315878189
2966467068
3220243421
3304138374
444841112
451723584
6098754125
6257988113
5402156181
562068893
5548622279
270846332
5836247497
709042573
598661227
266456909
3658276154
4704880333
1358824385
3150327615
5852160962
1935703222
4530732424
5650382795
6292666415
8850620
