6168834321
5668093787
383814620
367999239
4226496156
4632604754
811200255
5992516463
3950815063
3932301547
52630143
144512336
1434948792
256183871
8466218
271041728
3686939289
240046131
2324505886
43545535
3215843669
275400397
337051148
6007740587
13565217
6302583827
41027743
463425507
4372172659
1208919929
1484710529
1511287246
1141582992
192729353
384766508
266327923
1520037020
5532902863
3253135289
4708840201
1516458218
337007889
17326292
286161327
475530077
1018556962
6255548943
5390133082
1362125573
1461995605
2122776879
3212870315
1801106929
2210668373
38738879
4033890652
6152791819
1673431815
5860836267
2176556395
3938484706
2950388406
1139291264
36886732
5509905379
5627044156
3627706164
2200366163
1576053505
401310734
446486391
4830451429
1208981636
1589276629
375689940
6275160577
278590602
4847822240
39133099
5404762459
5645481213
318234283
2070224552
2104204310
275464021
17778024
34143477
5901069040
570979309
1644049473
50401829
2089891152
45901124
428806796
569673971
233746689
5541836839
19372142
487362405
1559315528
3585843415
4649237292
5517807629
1057126339
3015800158
1994208690
241962544
1313734984
6247881247
420000108
2966467068
3527919660
6110706494
2227271120
3916237812
1286619042
786994730
1556143549
1088294639
1377688281
324970817
