3991200002
3641510106
1536078394
358881486
2077147118
2176196779
2306069555
1498076098
4485785776
4061310954
6238990730
5780772577
2775517310
1496260623
5626467706
4524899510
6212321981
4862618523
1624871718
3262215771
2249574325
2528998898
1575043284
6281121437
6280625866
226860927
659274202
5739217142
3454276648
1702998463
1664334248
4722589536
4527192062
2025517559
2296871641
385206575
3067476761
2076730283
4270607592
4148680374
1640702183
1386867273
3058743218
6224819118
6240827821
5334014227
3285938260
5530724989
2929310463
1652326027
463407903
5529175493
5705258785
5629656967
5351229070
5770351582
4114464834
1319986717
4719241478
3246086790
6114091407
4298743356
5914984846
1668883083
4357288577
1959382808
1829018890
1664514156
6127181702
4220855092
1157235807
3871464199
2125406419
3257854532
4373744332
4459286134
1586347266
436826348
8851968
4198934448
4546530681
2045891912
1575326082
4192536757
1595155551
4529547393
4336865738
2041886935
4224059381
1120095166
3155778278
1449881369
2306670182
54871974
1800734472
1733320472
6153810856
3171151487
2315464119
1560688913
3158192948
3685767183
3974412324
3174186660
2327116434
1741900385
197888609
861625560
3969692300
4812311804
1583372801
1596092610
3981966236
5890196044
1361886041
1458411842
1953109188
441965140
184148891
3536925510
6103801639
6152406258
5606930586
4421999607
6072384444
1477375294
3947882508
618394484
472869631
3220438688
401325118
1539379585
4045973108
5792998791
3410368205
4025080933
4739013230
1055330145
2222014527
1476313128
3994778903
3748051228
55738325
6153896192
3584891727
5873524755
490752828
3403001651
762945499
1986693078
1914539079
622608471
4653018891
5863407750
4793472046
1772270780
1744090964
4373493851
2157432639
4206223960
6046296614
2989146383
621922538
4708079308
1109605685
3250942551
238651206
3621213166
4779081631
2114673227
3917662802
6212178276
1392570009
1441661515
1240691262
1723630163
1470195196
4467839892
3219587560
3591432943
499349771
2531685992
6191639491
1706878364
288832917
2897271830
2376456266
5462132452
684841223
5958281904
2918580289
477541432
6132942433
2155039473
2911678580
4465413302
6061684365
5826190826
704693187
303331036
5749690217
4524817478
1238125290
1462592419
4250493164
3048941939
6182977513
1913015217
5598853327
4852069483
3104566255
194058454
4132157800
2257729982
851701258
4393496690
3663386319
4867293939
370493861
4437050044
281560245
1829759252
1382180663
4263983637
2166595941
2059209240
31667397
6251631978
502274124
716931494
298142812
3234298421
489906170
1299333110
6213053064
4488832924
2001331970
2765726050
2119433626
1576444933
1216035145
2004373760
310222979
6198739268
2907351486
3236938745
309217140
1930099093
564416390
1191531717
5827139273
2024467586
3488826309
2208861438
4091606066
5488598762
1389595257
1531569576
4401336692
4740855413
1744016772
4870694246
2352986747
4659096805
4319432057
318189850
3939239645
415051500
2231241833
1616911469
1905260330
5552904720
440462868
1796665414
4163756691
1311431757
2314056563
267598141
4084188843
3087543929
2001743302
2169654515
5599043208
6199360363
1519150044
1827115076
3664332375
2112903546
536597490
621636699
1389721752
1241575933
4035722288
5019131826
1613386656
6006844542
4219721770
4029277869
4669005514
4680003378
2245697782
4300600657
5807905991
3992260832
1797169759
4020942901
4484341522
806223754
1352601829
5030922923
4634854150
3605840813
4591110217
4188370158
4562092536
5135868443
2610636435
6033094761
4730181195
1146452844
2041864095
1761040082
4024008768
1731726660
5957672812
2480480428
5871830830
863582553
1077667620
4012337817
1667800047
2902039636
2030985805
1715274523
1702134721
1402257187
4470512554
3554836811
1991408864
1377693905
4784794315
6052587226
2211089968
5333178871
1697426958
210030698
1680125824
1420955384
2216413879
3478069603
5596971647
1455256581
4533930713
1698863459
3059496290
5489017589
2104654313
5529696871
1807906919
1052455436
3432710819
4244671131
3996507765
5894635898
6243866651
496386435
5810347408
3576100593
4730256111
3049662124
2235501387
2296133197
3283378517
3835857686
2033749714
2916353558
4114147864
3097346674
359773363
4359819966
3587067431
5212103174
3006163143
4020450789
2962258622
3958004226
3915213951
5336360246
1392750218
5676761069
2200296488
4007907351
4752474530
1565193829
1819434311
4302662864
4134398578
2295070877
1545512494
5603544134
3598156213
824199110
4918576375
2969236371
1355362267
3479681311
2062080898
3094835859
6182732902
546131922
6243497596
4955223238
4219078753
3049729889
1775500926
1334910553
4755753053
6162144445
5344654008
2311418831
4534360450
1096801121
2241572673
1588566060
1504512866
4689043179
2293239747
5039231228
4351826849
1622103804
4698889930
1690784031
3302324746
4678725968
3938979314
5696488828
4978223711
1799094347
3986281756
1211410340
1637604805
2908085245
1999860756
4514148139
2081389950
1565732697
1320676673
5959469084
5324140695
507679080
3404224679
4468386045
4070263580
496356077
4366325981
3710485703
5331074784
5740549581
5327844996
1942338382
4458833893
335626534
1574094537
1497311700
1545852295
3145496520
3077459290
1304264533
3438826889
1753668136
1491031103
2153933019
1513768155
4097221582
4867644130
5592221459
3803284871
2988664401
4136231806
1435103590
1733373577
1099053482
805536526
1746175987
1392336608
4747730290
5485677082
4266327355
2304381167
1427533608
6284603007
3001907896
1825234514
4836021908
297838984
2225645886
2253002984
2058808691
1311082153
3022300857
733132899
2186337829
1458336071
1311656842
2348991724
1806775792
3315784147
2314943782
1346386203
5314714322
2304761784
5311940633
1527237490
3206244029
2263329658
4615682295
4199498601
1566547542
1829983397
5954847416
6039442798
3526062190
5887083093
4765971417
1948509720
1422593036
1419437142
3267076399
1720225422
5735344500
6036808338
4359644852
3240470929
1732786579
1492109843
6237275257
2486479683
6055068255
6119330751
4798609904
3422018027
4876914936
2156530268
1187047748
2503042820
294350727
1637119720
4034945567
1167726267
1711466681
2131379913
1461757559
1461001002
676175018
1800440592
4215986433
4564927837
556135332
5071206833
1760993765
2310812488
5328371027
5508939821
5337151232
6053384549
3039020023
3588050550
52063109
3217416110
1637526179
4320157715
4190989208
1904648484
3432830326
836187404
4773075132
1580707922
5552137592
2628814761
4617481252
2094270892
1623676917
1748022131
1479300785
2062908564
1522512714
2355593669
4149643577
2339458790
476298037
1560400669
3147823514
5333006345
6026430920
1967099122
4792536481
3426978894
4116820512
4256848780
1455312704
5317179498
1774119010
4069372178
2356150519
3617267986
3559603414
4046131077
4995619101
1023803890
2765364243
4970700075
1764473512
1928935762
6007287977
5421900297
2189729758
3178966777
4191467382
5787838222
4736361347
3694045954
2710087328
4359078849
1580233066
2199496859
2684662539
3479006702
2037533819
2296971280
2961410689
3197976746
4240305481
1383490267
5881129066
1917662446
4349627668
1948838817
2049895613
345749544
3033431595
6289457237
5961350859
541861213
6085624526
5351998037
2804568428
499541720
6261100769
3668312608
237066671
4330708984
1503022434
866804853
4795013555
1352275759
4662397370
4375608877
4039149037
2305900516
3193879327
3113435779
4360342122
2089803764
5361059601
3160242187
1163445849
2187968374
4214805980
3444564726
2234873036
4730124159
4622146934
4109388375
2982648936
4769377014
2002644739
3221755575
522837200
2296009614
5203872750
3642438412
3287747790
1468495286
1555573245
1616381397
3073117932
6076617263
3517932560
3053461699
3243810
3313576409
4258105114
1429106745
3038987017
5340385234
1531624076
687487076
2211725609
2123355200
1463500806
5335391415
5831176916
5614217485
1588052232
1590153785
5369176269
3302499596
6251372506
3587488975
1630977031
3973743257
1737091322
4027800010
548541040
3593267096
4138004967
5434929443
4195616673
261329458
5495741273
2232384261
1762075376
1439249839
3980671303
3473178532
3940600439
4681267578
674034840
6240058912
4008613848
3080971481
2084635922
4262764709
1566080227
4199329148
431592583
2242744077
4475947313
5313069505
1237534910
704556224
1696101596
2266802738
1972911531
1668523777
244219011
1619017083
4073597115
4182627889
3256480796
1788878114
4870012683
4159317393
5975050420
782501215
872814398
4169725469
4017609025
2352121867
4787395995
1775617571
2722499970
5328086719
1725579758
593294514
5054094355
4041534893
1182156017
4037646291
4525410717
6000160664
1074119429
5604897904
3069102376
5631484871
2131363539
5761632729
3462696894
6135584247
2300963382
4328746610
1516216710
3683318008
1995645174
1422534175
1012810140
1507391988
5991925007
2929190796
1637163517
4196732540
1988978431
644244546
1492030336
2075890893
2460953292
4085591417
633504743
3226679393
4916057322
3839699318
4258222168
5274680920
1917351642
256224858
4036308181
3705098001
1556185198
5526077937
1469814698
4286340517
1590404511
2538921576
4919900878
2315678899
5704153340
1534683650
1753571275
4245848423
4799847750
2459167543
4475432691
5921087911
2922454851
5344614271
2504930522
3433329272
3075107684
1992679240
200657131
4316531236
3637927588
1693076532
5865744379
5465512091
823808644
1092514512
5995810317
3193422755
4012029092
4245941018
1946737066
5896364896
4696030555
4653297377
1815063841
3709803912
1473923705
4267557271
2031438484
4162332909
1831378163
1558923057
5071997776
2175756354
5197971600
4361523941
2910074
3679665228
4099525791
647054655
4783202572
1955621337
606285396
3617228924
1209412785
3442083866
2941634139
2181958147
1771965140
1601092537
1024498907
1530332270
1531781676
2874225511
4539300015
1911238655
1363302958
2527600746
2671662256
2237668918
5900501790
1101912825
5728840029
4373242570
1453044845
5327390800
2610783538
4040207174
3081047949
3579293028
4411981322
1468592845
1431237443
3965611679
201126937
4092744405
2463057295
242745049
4730646823
2617888185
2029562966
834509229
4374738503
1596348589
4848785924
3687559006
4374165165
3426634588
5326846420
615566316
4510538651
3510731661
4910640627
4360260137
1711846624
3797545030
5090414257
3297760731
1699802714
5659920696
1448800958
6272999551
2258316652
3089718120
4184495497
4565838285
5329138517
1543124021
4037519431
2138001792
2292735739
1442790172
3068342208
3527638625
1473188623
4770972708
329843213
4298748756
4458652991
3954759272
3862832956
4507643608
1731237899
1274478088
2196234262
1734323838
2253015720
4728675324
1124470926
6016110054
2610880974
3100231561
647481155
6081373084
4240912524
1393928981
1635392694
2266932292
4299635993
5778538990
1511767585
3184009772
4503765338
4885961872
2948327221
1437907653
3067498101
5371197358
1942289858
4273102667
1957893819
1983458835
3605688292
216179160
4018442989
1557193162
2303324970
6245853524
2023965524
4136929650
5957113166
461187064
1596819505
5320042689
1537041082
4044254671
2075627070
294209230
3518886948
4273571183
399737978
5329725438
3609239272
412965645
2206726311
4923900346
2961351040
5321617581
2017307232
5778037372
5063037955
1502284642
3406286192
1390426190
1348337728
4811205680
1984281151
2697359294
195919840
3064158667
3612611600
5688262388
2109047987
5588671705
1570780110
2177640183
568614249
2321064636
1782339232
3674375883
1992276336
36993957
4515865675
5736195061
1448044413
1576760770
4027692369
3035732259
3236222814
540352787
4959735244
4519629466
5616778343
2139029287
2263466442
5779992243
5073740190
697637444
1256367514
3697172278
2783759530
5423060316
5465332613
5765059903
4612855682
4868468606
5315485432
758115487
2314112620
4751283191
617837375
257534318
4514261377
1350322612
4888350754
2971532710
370999807
2262308796
550249065
2756772859
1570762128
1019234551
4098525606
1254711160
4824219384
3011619578
2816547106
2525717961
529892371
4014798897
2358336886
1622889366
1522841998
3716294363
4170193937
2179359806
2094322506
5442861273
1568937156
5323278975
4086786182
302820406
6004678146
1683877775
2175671486
4729290745
2818433814
4476645872
6109915349
5680528731
2313927028
4375009535
1926367253
3595414219
1299251677
5484839402
1959210968
4727956078
1900982205
5395858587
1460662258
5691253156
2350208125
1438525484
2933967558
3510357240
4681808300
4703010923
2363153045
4909519809
2254917044
1396010693
1494010123
5856417266
3155578630
3296400585
6250158491
2046938297
5336205575
3681714248
6302975558
1225603546
3039771352
2073613610
1998096688
5622466881
5577778758
2362615659
5335962051
5676339607
4125673847
4230611699
6092450338
2154876437
2079311051
2893678783
5552069987
1711697373
1686850694
1443514095
3316992478
3497491731
1705220627
534628982
5502397742
5793549299
5316957031
2358148488
4060199701
2164507540
5349818347
5857265246
3894815997
4291772056
3826925183
5897261547
3206547390
2034870296
1248997735
3168756144
2310092834
2285866239
2970947728
5987890521
1562825482
5585925178
4520674913
3678034577
2370210593
3092930985
4340119599
3321175576
5324661918
1681870387
3869006036
2000723161
5587460528
6146140015
2270270017
5347488235
3562517346
4491064930
3961264971
352224365
503922389
537782962
3160170228
3204222293
5767140513
1772573546
1695841367
5709127955
5339817944
1974400683
2017015649
3976700618
1676016100
5765970317
2538405389
1906647994
2214626515
1638509780
3113396211
4649109735
5344774675
5516366052
322788747
4003475894
5386417044
1954691615
2029179613
2898234367
327124518
4871944956
702381961
3980839354
1052785190
5992239279
4536780904
1292431842
2073526192
1418567768
4516734471
1931436278
583473706
2108456692
5602478572
1176709989
1219793800
5427714574
5396608224
1205504771
3896178087
3748441399
2069728097
3428696056
3501638381
6236300530
1256289337
1417602321
1540480768
4841590370
5861190243
2206851531
1651766875
5882743256
53811466
4314540391
621824663
4154718995
1308662111
4605619352
1620401787
4841876532
4254703627
4373495929
2286249252
4104851915
1547938057
2035144642
2342574855
265759201
1663082291
1424360777
1096131780
5017514638
5323610070
1454219316
3492223957
4813580362
5903730627
1204789698
4578287227
4142595947
6070795597
1586826112
4392751959
5647363051
5328023532
1484549448
5630507719
4241660561
4844369877
1498315981
4301783517
2362527209
2064238619
2560326574
5667419723
1607748439
5364325006
4581307073
4530354372
1397995241
3213879576
3291086014
1770605603
49696075
4034354695
5330257761
5703393687
1423559544
6127269779
3531316144
1438204062
6188907833
3644228523
5338596718
1291852780
4629090214
3901840673
4210501258
1539922888
6116815576
2206670282
4776021664
4179080226
4485190056
4306331830
3299309843
5497761595
5072765703
1997819625
4572173600
1445079055
2976091969
5470252395
5793562993
3873337986
2337983646
4288469980
602647687
2055494231
1663566873
2046193750
2935774419
4771139008
3644419429
3215795341
508618644
1383394132
3535434658
2072658342
236000104
389510817
1750486765
5317199395
5989309820
1748321069
1598562968
6215560273
3621525790
4642037077
1905714274
312203060
1337521853
3260464705
3272716432
2281845995
2220524505
602765919
1442791347
488028924
1702609534
6253926541
4102771760
5717789190
3585185391
3692504653
3996137108
1582664172
2108241939
4262224632
3294671662
6164356225
1308149054
4230606068
2894271531
4279872300
4104693406
2193739396
1695640516
4457434279
3887518647
6173146169
4427765706
2308529394
5408154062
5831447964
2627689610
5155334881
6287894638
2956597655
879274976
4434835166
4978830529
4740257702
5927139232
608724510
3523770626
2131816907
427613568
2994601655
507186880
2953307152
5332290570
5707975364
2173006515
2204286381
1729376863
4768144237
5895233392
6127158095
5645346388
4365497729
4924634998
2224585936
1815349690
4616464093
3518823716
1275831982
2256187092
5736825230
1799547915
1508970562
3561888674
441775765
4547725178
2940196940
4710196614
4836626099
1385750090
6120624044
586755126
421939859
3571751424
4776916980
6050402823
5624257602
3264420418
3243581142
3415352466
4264979468
2366136906
5876727617
1692421540
1535088972
4349601867
785049485
3628806552
3269474679
1435267941
1216700727
3608381374
2210259869
2153324186
2011925654
2172019920
4150666940
1626983614
4909773168
1552680655
4820810507
4044051779
2179094803
4889339504
1281920074
1701003763
2135021880
2010719329
4986807826
6021302637
1386749045
3254141856
1575460630
1991936751
2213529935
3212559190
2242457872
4792437286
4635373806
1983738451
1684585821
656644053
5020229737
2913323977
1550507731
3260908944
1772299228
5717159259
543284626
2320688687
4716328781
1091698366
2157967486
6221450435
2116210936
3404271303
561786759
2226237714
6266006327
1658360623
2622306554
1690649261
4641433406
4417250398
3671643007
6236242547
4062328491
3031162918
1482956564
4648626917
4681310175
4015614253
1347379488
3159018369
4577119779
968835843
4242261432
1958993185
3240308282
1468648461
4349684935
3920892852
2899894430
5956554182
4090829791
5365408557
1641052516
1302146651
1392793130
3502492944
1431027346
2287169558
4346713386
1699275255
1463893042
5731751997
3271161591
206811078
4722107518
435313028
6224843989
2213711431
341432398
1384297830
1220073112
4736922823
1793151730
6062032128
2255285932
6001974536
3991480148
5010749053
1488568128
4127928019
2270490515
742103206
3197386113
4463314530
3712788284
1511436205
5619042567
3609746327
1715197136
1930035810
4363518701
3538545461
2978937434
5149098807
2800352116
6087901080
312871447
2444817552
5596949266
530820932
4498412781
4339782295
6239993102
3511283694
6039797222
4691771693
5451387792
5192068901
2255712690
4903004241
1644047666
2021041079
461603495
1832122334
620558108
1252061458
3966550779
3648785457
4900210901
3600830910
4213909393
3693139680
1460002737
475541372
3982608968
5094145161
1601413799
3129004782
4729676255
1689261484
1723208101
1517126145
2254092116
326278144
1337647592
1348448433
4349786419
5456100071
5692201686
1786377700
315345698
4213867184
653190408
4357478770
3613501475
5667920882
4100238545
6083504543
5727611034
3083574345
6109577837
1450590122
4345611944
3897368665
3676711011
1490082124
4120687589
2517612810
6021880297
5677870869
1459706787
1517629613
1748373525
5732424401
6124953109
6209777168
566401984
2882807321
5592742815
5859973991
1509502669
424515375
1904077189
2237496913
4647911799
3034512918
4849916009
2294418341
575781640
4395703510
1822736609
2312388444
5692041570
4212989797
554646917
1486111897
471159122
3933023344
2110291730
549109340
2325877302
4300058118
834269735
4771946097
3146064242
4567257643
1579781304
672367204
4467603755
1651007511
333950010
2152624507
4472507601
1115889085
4298300000
2040276162
4729796471
6235965320
3052503030
4528424999
3487172758
4097633989
4744449488
1582739743
3074682706
1963311165
5913370463
1596069862
1706854856
2868747568
5488433592
5350732238
927817366
4531464246
2294612157
2462698762
5321834282
5493440149
2256806545
2098526031
3511122859
3315913714
2982742637
1980141613
1047412932
3414222988
1234161632
1651129593
4768158440
5418555992
2987600511
4743344169
1967230786
3135936566
4546975848
1007099721
3595294652
3772083337
1946306718
2327699385
4086436029
4218759902
4170896013
2167166265
1654509794
1621409531
360955244
5805345827
4051094075
4919500732
3248512673
2897751027
1504663335
2305822764
5393808620
3004741094
6173206018
2582581263
3596600015
5334300684
5374666144
4206931202
2959312972
5641643240
361598708
2359599895
2228499640
4664185215
3320712962
5322378896
4772786567
598491063
1793705744
4881376704
4469606575
2959113676
1668703018
1662590087
316290641
4116290821
1910092408
650054583
1076937193
3783173301
4724596123
2256630836
5329211472
4085997420
5925189507
938242089
5334798761
5332279007
3915349625
3498902528
366028015
3918311114
4970065050
3605147763
2207937246
254526252
5543646276
4928187010
460292140
5321664944
1555644748
2160476866
5329005570
4225973819
1213041421
1326900378
5599808761
1457571556
1597834075
1367456769
5322142544
2290329111
1912053014
480845162
2228583909
2353031798
4304317287
5706562312
4222699898
1702139931
1453237952
1350843245
3242785482
5439076586
4478097433
5544028020
5993012270
4775488206
625993645
3594105138
5690268867
5685736747
4919750687
1472211101
2985847601
4774400806
1309343295
4865911524
5584542385
1809450701
5144859785
5925857722
6022706797
2174749544
5575445754
4369760427
4777190490
5846235342
2918067437
3923206190
4058991019
2140580150
1247037940
2315455830
51798779
3320056939
2106073616
4223254549
4342603269
1759921925
2911433762
1802985106
1723455311
2403153167
4295888831
