4662537172
6253526099
1383454417
5126283447
908425918
4304650933
6048811306
1345932643
3942611901
5138831088
4169507016
1551969714
4569073159
5891143605
1607825499
4620582892
376581875
6237688708
3085802199
5338323852
4059831398
1643598322
2362126708
1384916630
3992021057
1647438397
4518836066
629470143
5840086239
6158244073
1324835403
2266646785
5813804708
3982962172
4643152727
4391496874
5558968276
676014085
2358000715
775740654
2001061749
3526350
5878974424
4785972023
3034191853
4968325544
4697646462
4562689622
3869266343
6167824334
2045930420
30992506
6042274769
1621420590
4447402644
501164732
6015963214
1526274259
3003091513
4338449169
4028658710
2163937298
1131399471
1319563947
3040068415
5442066006
4369261604
5886385654
4134489426
5382915644
1693500588
3755530496
3255779623
5314377667
5428882882
5504588116
5520708639
4046102543
5962842903
5550573909
5888011850
5593041158
2985817242
255070949
4838269072
4467203545
1263900049
1293524401
2646251404
49970578
4873075059
2240274483
4265136044
5837346486
6053077715
3676907398
5459252116
362788820
205972788
4280013169
5004653232
4831115154
3464514159
1385159728
5814096982
2264692640
3969706703
3041232596
4158819247
5678173322
213732926
2182691878
2245230699
2293623303
1143875550
3922509101
4580810374
6051144952
4629453135
1043574610
4672978612
1300202193
4543055705
2541995144
2189971569
332491782
5589548105
6069725832
4223253707
3866965041
1994911160
3604428357
3171972352
3401101423
1974351756
4664278231
4742540857
2951518497
4768051571
1537970488
5724056789
4865781988
5426849150
4884420087
5583459703
3218595956
5546868941
3887228307
1521715959
1237210188
5573522506
527265145
5816281336
2998870614
4696981395
5419630558
1502289250
5857004278
5398618400
2969548287
5896848415
6055285494
1552754879
5402156181
1289240209
4361199934
5939363348
1436245650
4640727625
4911172986
6066534398
4457827577
15040709
6088333157
6258133843
4004671395
705376358
4741609484
4121598224
3031615653
4213001797
3592479854
1292438413
4902730569
5548622279
1397167963
5444762283
5960923545
3233711635
6187364532
2677732392
4759285970
4223185873
2012609902
4530732424
4739803860
6168834321
383814620
367999239
4226496156
4632604754
3950815063
52630143
144512336
1434948792
256183871
271041728
3686939289
240046131
2324505886
43545535
3215843669
275400397
337051148
6007740587
41027743
463425507
4372172659
1511287246
1141582992
384766508
266327923
5532902863
3253135289
4708840201
1516458218
337007889
17326292
286161327
475530077
1018556962
6255548943
5390133082
1362125573
1801106929
2210668373
38738879
4033890652
6152791819
