1967099122
4792536481
3426978894
4256848780
1774119010
3617267986
1023803890
2765364243
5421900297
2189729758
3694045954
1580233066
3479006702
2296971280
4240305481
4349627668
3033431595
541861213
2804568428
4330708984
866804853
4662397370
4039149037
3113435779
5361059601
1163445849
3444564726
4109388375
2002644739
522837200
3287747790
1368873985
1616381397
3517932560
4258105114
3038987017
687487076
1463500806
1536078394
358881486
2077147118
2176196779
2306069555
1498076098
4485785776
4061310954
5780772577
1496260623
4862618523
1624871718
3262215771
2249574325
2528998898
1575043284
6281121437
6280625866
659274202
5739217142
3454276648
1702998463
1664334248
4722589536
4527192062
2025517559
2296871641
385206575
3067476761
2076730283
4270607592
4148680374
1640702183
1386867273
3058743218
3530904564
4648166396
5698053930
1426570143
261329458
1439249839
3473178532
674034840
4008613848
4262764709
2242744077
1237534910
2266802738
1972911531
244219011
5618902688
4525410717
6000160664
5604897904
5631484871
5761632729
633504743
4916057322
4258222168
1917351642
256224858
3705098001
1469814698
1590404511
2315678899
1534683650
2459167543
2922454851
3433329272
4316531236
1595155551
5995810317
5896364896
2882807321
1815063841
1747074638
3709803912
4267557271
4162332909
1558923057
5071997776
5197971600
4099525791
1955621337
3617228924
2181958147
1024498907
2874225511
2527600746
1101912825
1453044845
4040207174
4411981322
3965611679
4730646823
2029562966
1596348589
3687559006
4374165165
3426634588
615566316
3510731661
1711846624
3797545030
3297760731
5659920696
5592898852
2258316652
4184495497
5329138517
4037519431
2138001792
1442790172
3068342208
4770972708
4458652991
1731237899
2196234262
1124470926
3100231561
2350544354
1635392694
5778538990
4885961872
1437907653
5371197358
3605688292
1557193162
2023965524
5957113166
1537041082
5063037955
1348337728
2697359294
3612611600
5588671705
568614249
3674375883
5736195061
4027692369
3236222814
540352787
4519629466
5616778343
5779992243
1256367514
3697172278
2783759530
5423060316
5465332613
5765059903
4612855682
4868468606
5315485432
758115487
2314112620
617837375
2358336886
1522841998
4170193937
5442861273
5467479296
4086786182
2175671486
2818433814
5680528731
4375009535
5484839402
1900982205
5691253156
2933967558
4703010923
2254917044
3155578630
2046938297
1225603546
5622466881
2362615659
4125673847
2154876437
5552069987
3316992478
5502397742
2358148488
5857265246
3826925183
2034870296
3168756144
2285866239
2673555518
5585925178
2370210593
3321175576
3869006036
6146140015
4491064930
537782962
5767140513
5274680920
1974400683
3976700618
5765970317
5340385234
1906647994
1638509780
3113396211
5516366052
4003475894
1954691615
2898234367
1928935762
1052785190
1292431842
4516734471
2108456692
5535365606
5396608224
3748441399
461447215
3428696056
1256289337
4841590370
2206851531
5882743256
4154718995
4841876532
2286249252
2035144642
1663082291
3492223957
1204789698
6070795597
5647363051
5630507719
1498315981
2064238619
5667419723
5364325006
1397995241
1770605603
5703393687
6127269779
3644228523
4629090214
4210501258
2206670282
3056357548
4485190056
5497761595
1997819625
5470252395
2337983646
2055494231
2046193750
4771139008
1383394132
236000104
5317199395
1598562968
3621525790
1905714274
3260464705
2220524505
1702609534
